accuracy: [0.5226685404777527, 0.5657894611358643, 0.5915050506591797, 0.6062327027320862, 0.6238226890563965]
auc: [0.5261521339416504, 0.5760966539382935, 0.6129253506660461, 0.6259092092514038, 0.6550968885421753]
loss: [0.7753340005874634, 0.7310162782669067, 0.7065504789352417, 0.7007085084915161, 0.678276777267456]
val_accuracy: [0.5971564054489136, 0.5971564054489136, 0.5971564054489136, 0.5889415740966797, 0.593364953994751]
val_auc: [0.8480314612388611, 0.8329769372940063, 0.832659125328064, 0.836633026599884, 0.8405218720436096]
val_loss: [0.7334684729576111, 0.7041860818862915, 0.612697422504425, 0.5819525122642517, 0.5767936110496521]
