accuracy: [0.5320406556129456, 0.5337488651275635, 0.5404432415962219, 0.5534626245498657, 0.5593259334564209, 0.5586334466934204, 0.5682363510131836, 0.5745152235031128, 0.5764542818069458, 0.5832409858703613, 0.5885041356086731, 0.594275176525116, 0.592289924621582, 0.5985687971115112, 0.6007387042045593]
auc: [0.5363170504570007, 0.5412973761558533, 0.5529240965843201, 0.5662839412689209, 0.5714425444602966, 0.5682883858680725, 0.5828486084938049, 0.5925135612487793, 0.5938459038734436, 0.6024459600448608, 0.6060523986816406, 0.6137197613716125, 0.6133784055709839, 0.6192587018013, 0.6222205758094788]
loss: [0.7163719534873962, 0.7098664045333862, 0.7058656811714172, 0.6991534233093262, 0.7004726529121399, 0.6997982263565063, 0.6932448148727417, 0.6889435052871704, 0.6907288432121277, 0.6857724785804749, 0.6874207854270935, 0.6827475428581238, 0.6824406981468201, 0.6809020042419434, 0.6802423000335693]
val_accuracy: [0.5952606797218323, 0.5962085127830505, 0.5900474190711975, 0.7143759727478027, 0.7232227325439453, 0.7127962112426758, 0.7774091362953186, 0.7227488160133362, 0.7808846831321716, 0.7278041243553162, 0.764928936958313, 0.7647709250450134, 0.7797788381576538, 0.7911532521247864, 0.7913112044334412]
val_auc: [0.7714857459068298, 0.828811764717102, 0.8319288492202759, 0.8307778239250183, 0.8312436938285828, 0.8337884545326233, 0.8345218896865845, 0.8354440331459045, 0.8382264375686646, 0.8365582227706909, 0.8363797068595886, 0.837546169757843, 0.8390035629272461, 0.8397234678268433, 0.8403407335281372]
val_loss: [0.6888347268104553, 0.6819524168968201, 0.6709703207015991, 0.6635236740112305, 0.6573248505592346, 0.6531041860580444, 0.6523998379707336, 0.6463964581489563, 0.6473007798194885, 0.6417763829231262, 0.6408950686454773, 0.6371374130249023, 0.6365048289299011, 0.6370741724967957, 0.6357768774032593]
