accuracy: [0.53471839427948, 0.5695290565490723, 0.5962603688240051, 0.6100646257400513, 0.6257617473602295, 0.6394275426864624, 0.6432594656944275, 0.655863344669342, 0.6572945713996887, 0.6672207117080688]
auc: [0.5385474562644958, 0.5791178345680237, 0.6127089858055115, 0.631047785282135, 0.6520436406135559, 0.6708758473396301, 0.6786422729492188, 0.6995595097541809, 0.7018667459487915, 0.7156473398208618]
loss: [0.7621079087257385, 0.7343952059745789, 0.7104215621948242, 0.6967350244522095, 0.6832057237625122, 0.668272078037262, 0.6639065146446228, 0.6420762538909912, 0.6432541608810425, 0.6299670338630676]
val_accuracy: [0.5971564054489136, 0.5971564054489136, 0.6736177206039429, 0.706635057926178, 0.7993680834770203, 0.7982622385025024, 0.6394944787025452, 0.8004739284515381, 0.8041074275970459, 0.7951026558876038]
val_auc: [0.8370761871337891, 0.8272372484207153, 0.8347674012184143, 0.8387101888656616, 0.8414245247840881, 0.8442570567131042, 0.8468006253242493, 0.8494267463684082, 0.8524584174156189, 0.8546139001846313]
val_loss: [0.6711653470993042, 0.6414183378219604, 0.5990517735481262, 0.572182297706604, 0.5580945014953613, 0.5421450138092041, 0.5430992245674133, 0.5143020749092102, 0.5048292279243469, 0.49847090244293213]
