accuracy: [0.5018467307090759, 0.5102954506874084, 0.5220221877098083, 0.5254847407341003, 0.5351338982582092, 0.5461680293083191, 0.5433518290519714, 0.5580332279205322, 0.5649122595787048, 0.570960283279419]
auc: [0.5020167231559753, 0.513067901134491, 0.5234214663505554, 0.5304604768753052, 0.5417644381523132, 0.5571410059928894, 0.5520604848861694, 0.5709890127182007, 0.5746263265609741, 0.5865086913108826]
loss: [0.7319586873054504, 0.717108964920044, 0.7140333652496338, 0.7116199731826782, 0.7079289555549622, 0.7014738321304321, 0.7045388221740723, 0.6968551874160767, 0.696903645992279, 0.6908671259880066]
val_accuracy: [0.4028435945510864, 0.5271722078323364, 0.7172195911407471, 0.7921010851860046, 0.7785149812698364, 0.7729857563972473, 0.7939968109130859, 0.7938388586044312, 0.7927330136299133, 0.7987361550331116]
val_auc: [0.4446825683116913, 0.5493524074554443, 0.7914515733718872, 0.8289307355880737, 0.8345704674720764, 0.8390534520149231, 0.8420872688293457, 0.8413721323013306, 0.8419575691223145, 0.8418234586715698]
val_loss: [0.6946670413017273, 0.6927611231803894, 0.687175452709198, 0.6808384656906128, 0.6720161437988281, 0.6668586730957031, 0.6662529110908508, 0.6618253588676453, 0.6596477031707764, 0.6559111475944519]
