accuracy: [0.9473222494125366, 0.9901200532913208, 0.9963988661766052, 0.9986611008644104, 0.9991689920425415, 0.9993998408317566, 0.9999538064002991, 0.9999538064002991, 0.9997691512107849, 0.9999538064002991]
auc: [0.9890804290771484, 0.9994288086891174, 0.9998779296875, 0.9999328851699829, 0.9999948740005493, 0.999999463558197, 1.0, 1.0, 0.9999998807907104, 1.0]
loss: [0.1389375627040863, 0.037833187729120255, 0.01735413260757923, 0.010044179856777191, 0.006152424030005932, 0.004152821376919746, 0.002886206842958927, 0.0022009483072906733, 0.0018237477634102106, 0.0012188161490485072]
val_accuracy: [0.8952606916427612, 0.8965244889259338, 0.8996840715408325, 0.899526059627533, 0.9025276303291321, 0.9053712487220764, 0.9094786643981934, 0.912638247013092, 0.9140600562095642, 0.9145339727401733]
val_auc: [0.9698755145072937, 0.9690375328063965, 0.9711486101150513, 0.971663773059845, 0.973626434803009, 0.9748905897140503, 0.9744247794151306, 0.9739434719085693, 0.9731008410453796, 0.9736340045928955]
val_loss: [0.25819557905197144, 0.2814771831035614, 0.27604395151138306, 0.27534911036491394, 0.26696744561195374, 0.25809019804000854, 0.2554311156272888, 0.25539231300354004, 0.2558366358280182, 0.25391149520874023]
