accuracy: [0.7140350937843323, 0.8385041356086731, 0.8787165284156799, 0.8997229933738708, 0.9137580990791321, 0.9242843985557556, 0.9324561357498169, 0.9387350082397461, 0.9438596367835999, 0.9478762745857239]
auc: [0.7838919162750244, 0.9184837341308594, 0.9493406414985657, 0.9632278680801392, 0.9726693630218506, 0.9780207872390747, 0.9822494387626648, 0.9849029779434204, 0.9871003031730652, 0.9888867139816284]
loss: [0.5847648978233337, 0.36271563172340393, 0.28973597288131714, 0.24924102425575256, 0.21762341260910034, 0.19729244709014893, 0.17841759324073792, 0.16543352603912354, 0.15300899744033813, 0.14381663501262665]
val_accuracy: [0.8290679454803467, 0.8764612674713135, 0.8881516456604004, 0.8933649063110352, 0.8971564173698425, 0.8999999761581421, 0.9015797972679138, 0.9041074514389038, 0.9041074514389038, 0.9050552845001221]
val_auc: [0.9227104783058167, 0.9493700265884399, 0.9568076133728027, 0.960654616355896, 0.9630400538444519, 0.9649365544319153, 0.9657999873161316, 0.966724693775177, 0.9670636653900146, 0.9673658609390259]
val_loss: [0.3984067142009735, 0.2964847981929779, 0.26620686054229736, 0.25259822607040405, 0.24374142289161682, 0.23718728125095367, 0.23409517109394073, 0.231352299451828, 0.23012514412403107, 0.2291136384010315]
