accuracy: [0.9505540132522583, 0.9916897416114807, 0.9963527321815491, 0.9983841180801392, 0.9993998408317566, 0.9995844960212708, 0.9997230172157288, 0.9998153448104858, 0.9999076724052429, 0.9999538064002991]
auc: [0.9906883835792542, 0.9996638894081116, 0.9999193549156189, 0.9999880194664001, 0.9999984502792358, 0.9999992847442627, 0.9999997615814209, 0.9999998807907104, 0.9999998807907104, 1.0]
loss: [0.12644276022911072, 0.03205028921365738, 0.016620201990008354, 0.008867509663105011, 0.0053618005476891994, 0.003859573742374778, 0.002787628909572959, 0.001995811937376857, 0.0016920905327424407, 0.0012004207819700241]
val_accuracy: [0.9018957614898682, 0.9075829386711121, 0.9080568552017212, 0.9094786643981934, 0.9115324020385742, 0.9146919250488281, 0.9105845093727112, 0.9127961993217468, 0.915165901184082, 0.9170616269111633]
val_auc: [0.9721570611000061, 0.9729203581809998, 0.9737129807472229, 0.9757683277130127, 0.9768190979957581, 0.9770558476448059, 0.9751502871513367, 0.9743191599845886, 0.9738083481788635, 0.9723988175392151]
val_loss: [0.24298980832099915, 0.24846947193145752, 0.2504440248012543, 0.2431076020002365, 0.23760293424129486, 0.2318820059299469, 0.24385537207126617, 0.24806010723114014, 0.25469014048576355, 0.26466065645217896]
