accuracy: [0.7130655646324158, 0.8292705416679382, 0.8685134053230286, 0.8897045254707336, 0.909510612487793, 0.9156971573829651, 0.9280701875686646, 0.9356878995895386, 0.9409049153327942, 0.9462141990661621, 0.949907660484314, 0.9509695172309875, 0.9540166258811951, 0.9590489268302917, 0.9618189930915833]
auc: [0.787885844707489, 0.9093018174171448, 0.9427775740623474, 0.9582746624946594, 0.9696359038352966, 0.9748839735984802, 0.979820966720581, 0.9835163950920105, 0.9861007332801819, 0.9877192974090576, 0.9895157814025879, 0.990699827671051, 0.9909788966178894, 0.9928359389305115, 0.9938231706619263]
loss: [0.5859240889549255, 0.3809705972671509, 0.3047233819961548, 0.26253876090049744, 0.22716903686523438, 0.207693949341774, 0.18732081353664398, 0.1711573749780655, 0.1588900238275528, 0.14920450747013092, 0.13939964771270752, 0.13203829526901245, 0.12792091071605682, 0.11750614643096924, 0.11059236526489258]
val_accuracy: [0.8800947666168213, 0.9072669744491577, 0.9154818058013916, 0.9183254241943359, 0.9186413884162903, 0.9169036149978638, 0.9173775911331177, 0.916745662689209, 0.9184834361076355, 0.9191153049468994, 0.9186413884162903, 0.9194312691688538, 0.9200631976127625, 0.9199051856994629, 0.9199051856994629]
val_auc: [0.946330726146698, 0.9652278423309326, 0.9700741767883301, 0.9721158742904663, 0.9729956388473511, 0.9734618067741394, 0.9739270210266113, 0.9739986062049866, 0.9742268323898315, 0.9741838574409485, 0.973802387714386, 0.9740363359451294, 0.9742205739021301, 0.974214494228363, 0.9743936657905579]
val_loss: [0.32282358407974243, 0.2513553500175476, 0.22550825774669647, 0.21423301100730896, 0.20834630727767944, 0.2053944319486618, 0.20224539935588837, 0.2018367201089859, 0.20040537416934967, 0.20015494525432587, 0.20218907296657562, 0.20126023888587952, 0.20060855150222778, 0.2015967071056366, 0.20098131895065308]
