accuracy: [0.8838873505592346, 0.9364727735519409, 0.9571560621261597, 0.9698522686958313, 0.9787165522575378, 0.9850876927375793, 0.9891505241394043, 0.9909510612487793, 0.9945521950721741, 0.9948291778564453]
auc: [0.969727098941803, 0.9876205325126648, 0.9938955903053284, 0.9966212511062622, 0.9983925819396973, 0.9991124868392944, 0.9994477033615112, 0.9995721578598022, 0.9998458027839661, 0.9998543858528137]
loss: [0.28347763419151306, 0.19250334799289703, 0.14540515840053558, 0.11454930156469345, 0.08901786804199219, 0.0712437853217125, 0.057801179587841034, 0.04810359328985214, 0.03725604712963104, 0.032225318253040314]
val_accuracy: [0.88578200340271, 0.8909952640533447, 0.8935229182243347, 0.8958925604820251, 0.8990521430969238, 0.8984202146530151, 0.8987361788749695, 0.8999999761581421, 0.8992100954055786, 0.8974723815917969]
val_auc: [0.9501113295555115, 0.9561213254928589, 0.9596030712127686, 0.9624390602111816, 0.9643728733062744, 0.9652542471885681, 0.965737521648407, 0.9669568538665771, 0.9676612019538879, 0.9676722884178162]
val_loss: [0.2807701826095581, 0.25974711775779724, 0.24876970052719116, 0.2418944090604782, 0.23985902965068817, 0.2423786222934723, 0.2467900961637497, 0.2474469393491745, 0.2521287798881531, 0.25848159193992615]
