accuracy: [0.6582179069519043, 0.7955216765403748, 0.8334256410598755, 0.8493998050689697, 0.8603416681289673, 0.869113564491272, 0.8785780072212219, 0.8807017803192139, 0.886334240436554, 0.8912280797958374]
auc: [0.7102433443069458, 0.8801595568656921, 0.9176200032234192, 0.9341417551040649, 0.9436330199241638, 0.9514750838279724, 0.9561625123023987, 0.9605399370193481, 0.9635303616523743, 0.9662214517593384]
loss: [0.6300279498100281, 0.4796988070011139, 0.4076250195503235, 0.3673485219478607, 0.33953800797462463, 0.31608477234840393, 0.2997587323188782, 0.2853844165802002, 0.273991197347641, 0.26288798451423645]
val_accuracy: [0.8132701516151428, 0.8440758585929871, 0.852290689945221, 0.8565560579299927, 0.863507091999054, 0.8674565553665161, 0.8674565553665161, 0.8663507103919983, 0.8649289011955261, 0.8650869131088257]
val_auc: [0.901107668876648, 0.9248520731925964, 0.9302209615707397, 0.9329817295074463, 0.9346013069152832, 0.9358214735984802, 0.9370080828666687, 0.9379483461380005, 0.9391481280326843, 0.9399626851081848]
val_loss: [0.5082940459251404, 0.41005146503448486, 0.36634936928749084, 0.34200313687324524, 0.32644954323768616, 0.3162789046764374, 0.3085869550704956, 0.3027966320514679, 0.29752156138420105, 0.29363173246383667]
