accuracy: [0.782640814781189, 0.9002308249473572, 0.930609405040741, 0.9448291659355164, 0.9573407173156738]
auc: [0.8829979300498962, 0.9695085883140564, 0.9840178489685059, 0.9900270104408264, 0.9936355948448181]
loss: [0.4592519998550415, 0.27225562930107117, 0.20109723508358002, 0.16024470329284668, 0.1295773833990097]
val_accuracy: [0.8922590613365173, 0.9003159403800964, 0.8998420238494873, 0.8914691805839539, 0.8870458006858826]
val_auc: [0.946496307849884, 0.9477499127388, 0.9486455321311951, 0.9521905779838562, 0.9542524814605713]
val_loss: [0.33167657256126404, 0.2918590009212494, 0.2769099175930023, 0.26303601264953613, 0.26241782307624817]
