accuracy: [0.6870267987251282, 0.8153277635574341, 0.8490304946899414, 0.8605724573135376, 0.8707756400108337, 0.8804709315299988, 0.8889658451080322, 0.8923361301422119, 0.8978762626647949, 0.9024469256401062]
auc: [0.758390486240387, 0.8995473384857178, 0.9301328063011169, 0.93841952085495, 0.9489102959632874, 0.9557825922966003, 0.9603483080863953, 0.9638336300849915, 0.966253936290741, 0.9694691300392151]
loss: [0.5900412797927856, 0.4364526867866516, 0.3697203993797302, 0.3402097225189209, 0.3123646378517151, 0.29181039333343506, 0.276624858379364, 0.264181911945343, 0.2542944550514221, 0.24377475678920746]
val_accuracy: [0.8636651039123535, 0.8751974701881409, 0.8810426592826843, 0.8821485042572021, 0.8834123015403748, 0.88325434923172, 0.8840442299842834, 0.8829383850097656, 0.8788309693336487, 0.8805687427520752]
val_auc: [0.9133370518684387, 0.9193583726882935, 0.9231469035148621, 0.9251289963722229, 0.9270982146263123, 0.9290457963943481, 0.930489182472229, 0.9315616488456726, 0.9324978590011597, 0.9333856105804443]
val_loss: [0.43659406900405884, 0.37022584676742554, 0.3424828350543976, 0.3283204734325409, 0.31874343752861023, 0.31200408935546875, 0.30723366141319275, 0.30296972393989563, 0.30010971426963806, 0.2975667119026184]
