accuracy: [0.9013388752937317, 0.9456140398979187, 0.9620037078857422, 0.9748384356498718, 0.9831486344337463]
auc: [0.9745147824287415, 0.9905831813812256, 0.9952855706214905, 0.9976587295532227, 0.9987838268280029]
loss: [0.2511059641838074, 0.1666579246520996, 0.12603063881397247, 0.09706000238656998, 0.075731061398983]
val_accuracy: [0.8830963373184204, 0.8867298364639282, 0.8895734548568726, 0.892890989780426, 0.8949447274208069]
val_auc: [0.9508841037750244, 0.9560799598693848, 0.9596756100654602, 0.9619530439376831, 0.9632517695426941]
val_loss: [0.27599042654037476, 0.26052382588386536, 0.25379088521003723, 0.25098884105682373, 0.25351715087890625]
