accuracy: [0.6865189075469971, 0.8158356547355652, 0.8411818742752075, 0.8556786775588989, 0.8644967675209045, 0.8746075630187988, 0.876869797706604, 0.8838411569595337, 0.8899353742599487, 0.8960757255554199, 0.9006001949310303, 0.9027701020240784, 0.905771017074585, 0.9079870581626892, 0.909787654876709]
auc: [0.7536059021949768, 0.8983603119850159, 0.9260177612304688, 0.9411196112632751, 0.9489097595214844, 0.9552280902862549, 0.9585191011428833, 0.9630016684532166, 0.966372549533844, 0.9686314463615417, 0.971863865852356, 0.9730208516120911, 0.9739739298820496, 0.9753406643867493, 0.9767672419548035]
loss: [0.6008716225624084, 0.45801231265068054, 0.39342817664146423, 0.3534751534461975, 0.32734090089797974, 0.3067265450954437, 0.2927432060241699, 0.27796629071235657, 0.26584428548812866, 0.2562616765499115, 0.2451433539390564, 0.2387375831604004, 0.23304018378257751, 0.22727909684181213, 0.22093886137008667]
val_accuracy: [0.8488151431083679, 0.8489731550216675, 0.8508688807487488, 0.8540284633636475, 0.8565560579299927, 0.8560821413993835, 0.8559241890907288, 0.8581358790397644, 0.8584518432617188, 0.8600316047668457, 0.8617693781852722, 0.8627172112464905, 0.8625592589378357, 0.863507091999054, 0.8657187819480896]
val_auc: [0.9180247187614441, 0.927195131778717, 0.930187463760376, 0.9327355027198792, 0.9344015717506409, 0.9356896281242371, 0.9369526505470276, 0.9379018545150757, 0.9388543367385864, 0.939863920211792, 0.9405989646911621, 0.9415513873100281, 0.9423313736915588, 0.9432741403579712, 0.9439798593521118]
val_loss: [0.46287989616394043, 0.38496676087379456, 0.35098057985305786, 0.331377774477005, 0.3192479908466339, 0.3105173408985138, 0.30406060814857483, 0.2992146909236908, 0.29551219940185547, 0.29183676838874817, 0.28909623622894287, 0.286396324634552, 0.28427430987358093, 0.28219175338745117, 0.2803232967853546]
